4ykn	0.0	1790.0	A	331	2103
6b5b	0.0	533.0	B	31	1389
3pwy	0.0	241.0	A	71	1
2pyd	0.0	14.0	A	10	987
5csk	0.0	1157.0	B	26	2187
2ips	0.0	198.0	A	1	708
3kvw	0.0,1.0,1.0,1.0	159.0,369.0,385.0,308.0	A	-16	4
5epc	0.0	117.0	A	-1	611
3iae	0.0	28.0	A	2	572
4u3t	0.0	465.0	A	236	574
4tpk	0.0	198.0	A	3	618
4gg1	0.0	26.0	A	2	606
1tf7	0.0,1.0	320.0,432.0	A	14	1903
1ew2	0.0	92.0	A	1	1005
3o08	0.0	15.0	A	15	494
4mrq	0.0	108.0	A	9	514
4pu5	0.0	147.0	A	-4	504
4u6r	0.0,1.0,1.0	724.0,726.0,729.0	A	561	1008
2wiu	0.0	150.0	A	2	1442
5yj9	0.0	207.0	D	166	603
1ai2	0.0	113.0	A	3	418
5x3f	0.0	278.0	B	9	501
3tl8	0.0	290.0	A	273	576
5c1z	0.0	65.0	A	1	512
1jti	0.0,1.0	68.0,344.0	A	1	385
3exe	0.0	264.0	C	-1	1101
4wbg	0.0	65.0	A	7	1011
3psg	0.0	68.0	A	1	326
4r8q	0.0	969.0	A	736	1503
5kml	0.0	677.0	A	0	901
2j51	0.0,1.0	189.0,183.0	A	21	1314
4ow8	0.0,1.0	152.0,224.0	A	3	302
5ntt	0.0,1.0	675.0,676.0	A	511	803
2osu	0.0	74.0	A	0	401
4eut	0.0	172.0	A	0	402
4iqb	0.0	127.0	A	24	401
5k7m	0.0	399.0	B	369	570
1q3h	0.0	659.0	A	390	301
5o2c	0.0	304.0	A	129	605
1j2f	0.0,1.0	386.0,402.0	A	190	422
3gbs	0.0	126.0	A	26	212
3ts5	0.0	11.0	E	770	837
1ay2	0.0	68.0	A	1	162
2vy9	0.0	58.0	A	6	120
1h4y	0.0	57.0	A	2	116
1vc1	0.0	59.0	A	1	110
1kkl	0.0	46.0	H	135	401
4bph	0.0	36.0	A	1	257
5b83	0.0	293.0	A	1	302
2xr9	0.0	209.0	A	56	1898
5iso	0.0	172.0	A	9	602
3wxi	0.0	276.0	B	-1	511
2g9y	0.0	102.0	A	1	658
1h8f	0.0	216.0	A	35	400
3m8z	0.0	85.0	A	2	402
3m7v	0.0	92.0	A	3	414
2f7x	0.0	197.0	E	15	351
5mi9	0.0	383.0	A	9	402
4psx	0.0	34.0	B	7	401
4loo	0.0	180.0	A	5	401
1erk	0.0,1.0	183.0,185.0	A	2	358
5grr	0.0	285.0	A	219	605
2bva	0.0	562.0	A	300	587
4l3j	0.0	229.0	A	62	402
4ejn	0.0	308.0	A	4	503
1z57	0.0	342.0	A	-2	1
5fgn	0.0	280.0	A	8	603
4u97	0.0	345.0	A	166	501
4lg4	0.0,1.0	174.0,180.0	A	18	404
3s95	0.0	508.0	A	-1	640
3uys	0.0	220.0	A	4	297
5vcw	0.0	260.0	A	77	405
3lla	0.0	612.0	A	552	5954
5x5o	0.0	161.0	A	8	401
1yhw	0.0	423.0	A	249	541
3bhy	0.0	265.0	A	8	600
5w5o	0.0	111.0	D	5	401
1aq1	0.0	15.0	A	1	299
2j4z	0.0,1.0	287.0,288.0	A	126	1391
2bdw	0.0	286.0	A	5	315
1pi1	0.0	14.0	A	11	196
4l8r	0.0	171.0	C	1	26
1occ	0.0	11.0	G	1	516
3oj3	0.0	12.0	A	1	73
1bgw	0.0	783.0	A	420	1178
4e68	0.0	705.0	A	1001	1018
1cy0	0.0	319.0	A	2	605
1y57	0.0	527.0	A	82	600
3ifz	0.0	129.0	A	9	510
2xco	0.0	123.0	A	413	1500
4e0g	0.0	405.0	A	103	501
1flo	0.0	343.0	C	-17	-4
1fbv	0.0	371.0	A	47	2005
4qtb	0.0	204.0	A	24	418
1a9u	0.0	182.0	A	4	800
3bkb	0.0	713.0	A	449	826
1c0f	0.0	53.0	A	1	129
2gsf	0.0	701.0	A	595	904
4eym	0.0	182.0	A	2	401
2ivs	0.0	905.0	A	713	3016
1w7b	0.0	24.0	A	21	339
4j98	0.0,1.0,1.0	586.0,656.0,657.0	A	461	802
1t45	0.0,1.0	568.0,570.0	A	547	935
1irk	0.0,1.0,1.0	1158.0,1162.0,1163.0	A	981	501
4bbf	0.0,1.0	1007.0,1008.0	A	841	2229
3c4f	0.0,1.0	653.0,654.0	A	464	1
3nyx	0.0	1054.0	A	889	2
3vhe	0.0,1.0	1054.0,1059.0	A	811	1170
3lxk	0.0,1.0	980.0,981.0	A	815	1125
6c7y	0.0	1034.0	A	868	1205
2h7g	0.0	274.0	X	501	512
1m7n	0.0,1.0,1.0	1158.0,1162.0,1163.0	A	979	1283
2g15	0.0,1.0	1234.0,1235.0	A	1046	1346
3zfx	0.0	647.0	A	611	1890
5ek7	0.0	772.0	A	586	875
1xba	0.0	525.0	A	363	636
1u46	0.0	284.0	A	117	389
2of2	0.0	394.0	A	231	201
5d7v	0.0	342.0	A	184	504
4fbn	0.0	783.0	A	547	789
1l2j	0.0	488.0	A	261	600
1fxy	0.0	151.0	A	16	1
2vyr	0.0	99.0	A	25	1110
5mo4	0.0,1.0	89.0,134.0	A	83	602
1b4g	1	8	A	1	30
1bf5	1	701	A	136	710
1bg1	1	705	A	136	2154
1c8l	1	14	A	5	1703
1cm8	1,1	185,183	A	8	2183
1fu0	1	46	A	1	282
1gkk	1	954	A	803	2364
1gz2	1	61	A	4	2153
1h4x	1	57	A	2	2209
1hjk	1	102	A	1	687
1i7w	1,1,1	692,684,686	B	661	735
1ib1	1	31	E	18	3962
1k35	1	108	A	9	666
1k4s	1	723	A	201	765
1khx	1,1	465,467	A	265	644
1kkm	1	46	H	2	102
1mki	1	74	A	1	1459
1ova	1,1	350,87	A	23	667
1p4e	1	343	C	2	454
1p7d	1	342	A	74	356
1pjq	1	128	A	1	652
1pkg	1,1	568,570	A	567	1484
1qcf	1	527	A	80	844
1r0z	1,1,1,1	670,659,660,422	A	390	304
1rzr	1	46	T	2	791
1t6r	1	59	A	1	110
1th1	1,1,1,1,1	1504,1505,1507,1510,1487	C	1468	41
1trn	1	151	A	16	800
1u54	1	284	A	115	13
1u5q	1	181	A	12	698
1uur	1	702	A	242	2040
1vrv	1	384	A	375	471
1ywn	1,1	1057,1052	A	818	209
1zeb	1	92	A	1	1615
2aff	1,1,1	234,230,238	B	228	267
2ak7	1	46	A	1	4499
2c30	1	560	A	385	2350
2cjm	1,1	160,15	A	1	2176
2dq7	1	160	X	1	1032
2dvj	1	221	A	1	228
2erk	1,1	185,183	A	6	602
2f57	1	602	A	425	1041
2fo0	1	69	A	65	682
2fwn	1	26	A	2	1241
2ga3	1	102	A	1	751
2h7f	1	274	X	1	363
2h8h	1	527	A	85	755
2i0e	1,1,1	641,500,660	A	339	115
2j0l	1,1	576,577	A	411	2097
2j90	1,1	265,50	A	9	2194
2jfl	1,1	189,183	A	21	2146
2joc	1	30	A	1	37
2kfu	1	22	A	1	162
2kmd	1,1	41,38	A	28	138
2ljd	1	747	A	716	762
2lqw	1	207	A	1	303
2m3b	1	16	A	1	52
2mmk	1,1	51,45	A	1	101
2mx4	1,1	37,46	A	18	62
2n04	1	10	A	1	100
2obj	1	261	A	33	468
2pil	1	68	A	1	823
2psg	1	68	A	1	608
2pt3	1	198	A	1	872
2pvf	1,1,1	656,657,586	A	467	119
2qg5	1	230	A	3	375
2qkw	1,1	198,199	B	30	321
2qo7	1	701	A	595	1241
2rlt	1	17	A	1	99
2rvm	1,1,1,1	11,12,13,14	A	1	80
2v7o			A	5	2110
2vag	1,1	341,342	A	148	2230
2vx3	1	321	A	135	2105
2w1i	1,1	1008,1007	A	843	2070
2w5v	1	84	A	30	2332
2xkk	1	1124	A	373	2011
2xz0	1	38	D	1	82
2y1k	1	198	A	3	929
2y69	1	11	G	1	2041
2zm3	1,1,1	1161,1165,1166	A	980	446
2zoq	1	204	A	24	546
3a77	1,1	386,402	A	189	2053
3amt	1	18	A	1	421
3c4w	1	8	B	5	621
3cd3	1	713	A	446	333
3ci5	1	53	A	4	736
3d5w	1	196	A	24	370
3dd1	1	14	A	12	1180
3dk6	1	393	A	233	679
3eb0	1	201	A	6	533
3efz	1	265	A	46	503
3equ	1	465	A	63	649
3exh	1	264	C	1	2787
3fbv	1,1,1	840,841,844	A	670	1999
3ga7	1	165	A	4	797
3gqi	1,1,1	653,654,766	A	464	777
3h9f	1,1,1	675,676,677	A	515	811
3i3w	1	101	A	3	575
3iaf	1	28	A	2	619
3iw4	1,1	657,638	A	331	52
3jrw	1	222	A	220	53
3k2l	1,1,1,1,1	385,369,308,309,159	A	60	495
3kmm	1	394	A	231	510
3kul	1	793	B	627	913
3l4j	1	782	A	421	199
3lxn	1	1054	A	888	1183
3ojy	1	364	B	7	542
3oll	1	488	A	262	609
3orx	1	241	A	75	1419
3oun	1	266	B	17	396
3ppz	1,1,1	704,707,710	A	540	1
3px7	1	319	A	2	729
3py3	1,1	180,182	A	1	602
3q6w	1,1	1234,1235	A	1050	1355
3qd2	1	980	B	582	37
3qic	1	411	A	7	750
3qpd	1	126	A	26	424
3s1a	1	320	A	14	531
3say	1	216	A	35	562
3tl8	1,1,1,1	449,450,324,446	A	273	185
3tmp	1	177	A	173	840
3tnq	1	112	A	104	418
3tpe	1	150	A	2	831
3tuy	1	11	E	11	178
3uim	1,1,1,1,1,1	449,290,450,455,312,446	A	272	176
3w8k	1	65	A	7	3319
3zew	1	774	A	609	2058
3zni	1	363	A	38	2125
3ztb	1	58	A	4	2005
4a4b	1	371	A	48	2016
4aze	1,1	321,301	A	132	700
4bh6	1	102	I	60	125
4bju	1	69	A	1	2016
4bpg	1	36	A	1	2033
4c0o	1,1,1	201,209,207	C	116	2004
4c0s	1,1	163,239	A	4	2003
4c0t	1	407	A	233	523
4cfe	1	108	B	78	2006
4crs	1,1,1	816,755,958	A	644	1987
4dfy	1	338	A	14	405
4dwp	1	405	A	103	766
4e7w	1	197	A	16	375
4ec9	1	186	A	7	327
4elj	1	373	A	52	857
4euu	1	172	A	1	758
4ewq	1	180	A	5	620
4ey0	1	783	A	547	845
4fxw	1,1	80,82	B	20	309
4hjh	1	104	A	4	940
4ian	1	849	A	676	1236
4icd	1	113	A	3	560
4isw	1	127	A	23	541
4iug	1	569	A	40	3280
4jax	1	15	A	15	710
4kik	1	257	A	9	1032
4kjd	1	92	A	4	737
4kk4	1	7	A	1	259
4kuj	1,1	275,279	A	18	488
4kxf	1	533	K	93	1101
4l1j	1	10	B	6	519
4lpa	1	117	A	7	211
4lr7	1	85	A	2	751
4m69	1,1,1	184,232,231	A	12	609
4mpj	1	26	A	2	1259
4myg	1,1	180,182	A	15	511
4nm3	1	9	A	6	687
4o0m	1,1	432,431	A	11	980
4otd	1,1	922,780	A	611	1336
4psw	1	34	B	7	834
4pu3	1	147	A	8	433
4q5j	1,1,1,1	1042,1044,1060,1039	A	852	1302
4q9a	1	55	A	38	256
4qoz	1	171	C	127	329
4r10	1	1212	B	1145	1312
4rgw	1,1	1105,1106	A	609	1555
4rxz	1	99	A	25	252
4trl	1	772	A	599	943
4uoo	1	307	A	230	1645
4wb7	1,1,1	393,194,252	A	1	1074
4wno	1	180	A	8	661
4wzp	1	65	A	1	246
4x3f	1,1,1	152,224,46	A	3	403
4xbr	1	474	A	175	603
4xlv	1,1,1	1162,1163,1158	A	974	1541
4y5u	1	641	A	130	898
4ymj	1	706	A	530	1190
4yzc	1,1,1	729,724,726	A	562	1128
4z16	1,1	980,981	A	814	2108
4zjv	1,1	394,395	C	336	406
5azi	1	276	B	1	724
5bmn	1	119	A	23	1181
5brk	1,1	35,12	A	10	441
5bs8	1	129	A	15	739
5c26	1,1	525,526	A	363	975
5dlt	1	209	A	56	1526
5dmz	1	969	A	735	1211
5dyj	1	612	A	552	1049
5f9e	1,1	676,695	A	374	1226
5fm2	1,1,1,1	928,809,905,909	A	710	2003
5gov	1	89	B	23	606
5hlp	1,1	216,277	A	36	644
5hvk	1	3	B	2	166
5i6e	1	1157	A	790	1643
5il0	1	399	B	116	829
5j5t	1	145	A	12	1024
5jn5	1	117	A	1	1498
5khw	1,1	1034,1035	A	867	1350
5li1	1,1,1	412,484,564	A	246	884
5lq0	1	24	A	23	505
5mja	1,1	778,647	A	609	1152
5mqr	1	372	A	27	2190
5mrw	1	162	B	9	801
5n6n	1,1	83,60	C	27	1220
5np2	1,1	115,70	A	63	231
5nvg	1	12	A	1	262
5o1v	1	304	A	134	807
5oat	1	207	A	156	706
5okt	1	220	A	4	501
5om0	1	240	B	2	405
5sw8	1	790	A	1	1104
5tj3	1	79	A	24	1310
5tos	1	253	A	52	480
5uiq	1,1,1	345,346,342	A	164	623
5upl	1	474	A	299	589
5vcv	1	260	A	74	678
5w0p	1,1	336,338	A	1	2362
5w7t	1	382	A	206	799
5wr7	1	677	A	489	928
5xwi	1	89	A	30	986
5y86	1,1,1,1	512,369,445,350	A	138	1050
5za2	1	64	B	7	739
5zji	1	3	Y	1	4630
6cmj	1,1,1	400,345,462	A	161	723
6cz2	1	342	A	182	524
6eqi	1,1,1	305,202,204	C	147	705
6fqm	1	123	A	9	503
6glc	1	65	A	1	726
